(kicad_pcb (version 20171130) (host pcbnew 5.0.1)

  (general
    (thickness 1.6)
    (drawings 10)
    (tracks 540)
    (zones 0)
    (modules 51)
    (nets 36)
  )

  (page A4)
  (title_block
    (title "Picoballoon probe")
    (rev 0.3)
    (company "Jakub Kaderka")
    (comment 1 "Intended for PCB diy manufacture - single sided design")
  )

  (layers
    (0 F.Cu signal)
    (31 B.Cu signal)
    (32 B.Adhes user)
    (33 F.Adhes user)
    (34 B.Paste user)
    (35 F.Paste user)
    (36 B.SilkS user)
    (37 F.SilkS user)
    (38 B.Mask user)
    (39 F.Mask user)
    (40 Dwgs.User user)
    (41 Cmts.User user)
    (42 Eco1.User user)
    (43 Eco2.User user)
    (44 Edge.Cuts user)
    (45 Margin user)
    (46 B.CrtYd user)
    (47 F.CrtYd user)
    (48 B.Fab user)
    (49 F.Fab user)
  )

  (setup
    (last_trace_width 0.8)
    (user_trace_width 0.3)
    (user_trace_width 0.4)
    (user_trace_width 0.5)
    (user_trace_width 0.6)
    (user_trace_width 0.8)
    (user_trace_width 1)
    (user_trace_width 2)
    (trace_clearance 0.2)
    (zone_clearance 0.508)
    (zone_45_only no)
    (trace_min 0.2)
    (segment_width 0.2)
    (edge_width 0.15)
    (via_size 0.8)
    (via_drill 0.4)
    (via_min_size 0.4)
    (via_min_drill 0.3)
    (user_via 2 0.8)
    (uvia_size 0.3)
    (uvia_drill 0.1)
    (uvias_allowed no)
    (uvia_min_size 0.2)
    (uvia_min_drill 0.1)
    (pcb_text_width 0.3)
    (pcb_text_size 1.5 1.5)
    (mod_edge_width 0.15)
    (mod_text_size 1 1)
    (mod_text_width 0.15)
    (pad_size 2.5 2.5)
    (pad_drill 1)
    (pad_to_mask_clearance 0.051)
    (solder_mask_min_width 0.25)
    (aux_axis_origin 0 0)
    (visible_elements FFFFFF7F)
    (pcbplotparams
      (layerselection 0x010fc_ffffffff)
      (usegerberextensions false)
      (usegerberattributes false)
      (usegerberadvancedattributes false)
      (creategerberjobfile false)
      (excludeedgelayer true)
      (linewidth 0.100000)
      (plotframeref false)
      (viasonmask false)
      (mode 1)
      (useauxorigin false)
      (hpglpennumber 1)
      (hpglpenspeed 20)
      (hpglpendiameter 15.000000)
      (psnegative false)
      (psa4output false)
      (plotreference true)
      (plotvalue true)
      (plotinvisibletext false)
      (padsonsilk false)
      (subtractmaskfromsilk false)
      (outputformat 1)
      (mirror false)
      (drillshape 1)
      (scaleselection 1)
      (outputdirectory ""))
  )

  (net 0 "")
  (net 1 "Net-(BT1-Pad1)")
  (net 2 GND)
  (net 3 +3V3)
  (net 4 VCC)
  (net 5 /RESET)
  (net 6 "Net-(C11-Pad1)")
  (net 7 /SOLAR_VOLT)
  (net 8 "Net-(D2-Pad1)")
  (net 9 /SWCLK)
  (net 10 /SWDIO)
  (net 11 /DEBUG_RX)
  (net 12 /DEBUG_TX)
  (net 13 "Net-(J4-Pad1)")
  (net 14 "Net-(J5-Pad1)")
  (net 15 "Net-(L1-Pad2)")
  (net 16 "Net-(Q1-Pad1)")
  (net 17 "Net-(Q2-Pad1)")
  (net 18 "Net-(Q2-Pad3)")
  (net 19 /LATCH_RESET)
  (net 20 "Net-(R6-Pad2)")
  (net 21 "Net-(R9-Pad2)")
  (net 22 "Net-(R10-Pad2)")
  (net 23 /TEMP_AD)
  (net 24 /GPS_RX)
  (net 25 /GPS_TX)
  (net 26 /SCK)
  (net 27 /MISO)
  (net 28 /MOSI)
  (net 29 /RF_CS)
  (net 30 /RF_RESET)
  (net 31 /DIO0)
  (net 32 /DIO1)
  (net 33 "Net-(R11-Pad2)")
  (net 34 /SDA)
  (net 35 /SCL)

  (net_class Default "Toto je výchozí třída sítě."
    (clearance 0.2)
    (trace_width 0.25)
    (via_dia 0.8)
    (via_drill 0.4)
    (uvia_dia 0.3)
    (uvia_drill 0.1)
    (add_net +3V3)
    (add_net /DEBUG_RX)
    (add_net /DEBUG_TX)
    (add_net /DIO0)
    (add_net /DIO1)
    (add_net /GPS_RX)
    (add_net /GPS_TX)
    (add_net /LATCH_RESET)
    (add_net /MISO)
    (add_net /MOSI)
    (add_net /RESET)
    (add_net /RF_CS)
    (add_net /RF_RESET)
    (add_net /SCK)
    (add_net /SCL)
    (add_net /SDA)
    (add_net /SOLAR_VOLT)
    (add_net /SWCLK)
    (add_net /SWDIO)
    (add_net /TEMP_AD)
    (add_net GND)
    (add_net "Net-(BT1-Pad1)")
    (add_net "Net-(C11-Pad1)")
    (add_net "Net-(D2-Pad1)")
    (add_net "Net-(J4-Pad1)")
    (add_net "Net-(J5-Pad1)")
    (add_net "Net-(L1-Pad2)")
    (add_net "Net-(Q1-Pad1)")
    (add_net "Net-(Q2-Pad1)")
    (add_net "Net-(Q2-Pad3)")
    (add_net "Net-(R10-Pad2)")
    (add_net "Net-(R11-Pad2)")
    (add_net "Net-(R6-Pad2)")
    (add_net "Net-(R9-Pad2)")
    (add_net VCC)
  )

  (module Battery:BatteryHolder_Keystone_3001_1x12mm (layer F.Cu) (tedit 58972363) (tstamp 5C611F5C)
    (at 205.75 139.75)
    (descr http://www.keyelco.com/product-pdf.cfm?p=778)
    (tags "Keystone type 3001 coin cell retainer")
    (path /5C5EDAE9)
    (fp_text reference BT1 (at 0 -8) (layer F.SilkS)
      (effects (font (size 1 1) (thickness 0.15)))
    )
    (fp_text value 3V (at 0 7.5) (layer F.Fab)
      (effects (font (size 1 1) (thickness 0.15)))
    )
    (fp_text user %R (at 0 0) (layer F.Fab)
      (effects (font (size 1 1) (thickness 0.15)))
    )
    (fp_arc (start 0 0) (end 0 6.75) (angle 36.6) (layer F.CrtYd) (width 0.05))
    (fp_arc (start 0.11 9.15) (end 4.22 5.65) (angle -3.1) (layer F.CrtYd) (width 0.05))
    (fp_arc (start 0.11 9.15) (end -4.22 5.65) (angle 3.1) (layer F.CrtYd) (width 0.05))
    (fp_arc (start 0 0) (end 0 6.75) (angle -36.6) (layer F.CrtYd) (width 0.05))
    (fp_arc (start 5.25 4.1) (end 5.3 6.1) (angle -90) (layer F.CrtYd) (width 0.05))
    (fp_arc (start 5.29 4.6) (end 4.22 5.65) (angle -54.1) (layer F.CrtYd) (width 0.05))
    (fp_arc (start -5.29 4.6) (end -4.22 5.65) (angle 54.1) (layer F.CrtYd) (width 0.05))
    (fp_arc (start 6.6 0) (end 7.25 1.95) (angle -143) (layer F.CrtYd) (width 0.05))
    (fp_arc (start -6.6 0) (end -7.25 1.95) (angle 143) (layer F.CrtYd) (width 0.05))
    (fp_circle (center 0 0) (end 0 6.25) (layer Dwgs.User) (width 0.15))
    (fp_arc (start 5.29 4.6) (end 4.5 5.2) (angle -60) (layer F.SilkS) (width 0.12))
    (fp_arc (start -5.29 4.6) (end -4.5 5.2) (angle 60) (layer F.SilkS) (width 0.12))
    (fp_arc (start 0 8.9) (end -4.5 5.2) (angle 101) (layer F.SilkS) (width 0.12))
    (fp_arc (start 5.29 4.6) (end 4.6 5.1) (angle -60) (layer F.Fab) (width 0.1))
    (fp_arc (start -5.29 4.6) (end -4.6 5.1) (angle 60) (layer F.Fab) (width 0.1))
    (fp_arc (start 0 8.9) (end -4.6 5.1) (angle 101) (layer F.Fab) (width 0.1))
    (fp_arc (start 5.25 4.1) (end 5.3 5.6) (angle -90) (layer F.SilkS) (width 0.12))
    (fp_arc (start -5.25 4.1) (end -5.3 5.6) (angle 90) (layer F.SilkS) (width 0.12))
    (fp_arc (start -5.25 4.1) (end -5.3 6.1) (angle 90) (layer F.CrtYd) (width 0.05))
    (fp_line (start -7.25 1.95) (end -7.25 4.1) (layer F.CrtYd) (width 0.05))
    (fp_line (start 7.25 1.95) (end 7.25 4.1) (layer F.CrtYd) (width 0.05))
    (fp_line (start 6.75 1.8) (end 6.75 4.1) (layer F.SilkS) (width 0.12))
    (fp_line (start -6.75 1.8) (end -6.75 4.1) (layer F.SilkS) (width 0.12))
    (fp_arc (start 5.25 4.1) (end 5.3 5.45) (angle -90) (layer F.Fab) (width 0.1))
    (fp_line (start 7.25 -1.95) (end 7.25 -3.8) (layer F.CrtYd) (width 0.05))
    (fp_line (start 7.25 -3.8) (end 4.65 -6.4) (layer F.CrtYd) (width 0.05))
    (fp_line (start 4.65 -6.4) (end 4.65 -7.35) (layer F.CrtYd) (width 0.05))
    (fp_line (start -4.65 -7.35) (end 4.65 -7.35) (layer F.CrtYd) (width 0.05))
    (fp_line (start -4.65 -6.4) (end -4.65 -7.35) (layer F.CrtYd) (width 0.05))
    (fp_line (start -7.25 -3.8) (end -4.65 -6.4) (layer F.CrtYd) (width 0.05))
    (fp_line (start -7.25 -1.95) (end -7.25 -3.8) (layer F.CrtYd) (width 0.05))
    (fp_line (start -6.75 -1.8) (end -6.75 -3.45) (layer F.SilkS) (width 0.12))
    (fp_line (start -6.75 -3.45) (end -4.15 -6.05) (layer F.SilkS) (width 0.12))
    (fp_line (start -4.15 -6.05) (end -4.15 -6.85) (layer F.SilkS) (width 0.12))
    (fp_line (start -4.15 -6.85) (end 4.15 -6.85) (layer F.SilkS) (width 0.12))
    (fp_line (start 4.15 -6.85) (end 4.15 -6.05) (layer F.SilkS) (width 0.12))
    (fp_line (start 4.15 -6.05) (end 6.75 -3.45) (layer F.SilkS) (width 0.12))
    (fp_line (start 6.75 -3.45) (end 6.75 -1.8) (layer F.SilkS) (width 0.12))
    (fp_arc (start -5.25 4.1) (end -5.3 5.45) (angle 90) (layer F.Fab) (width 0.1))
    (fp_line (start 6.6 -3.4) (end 6.6 4.1) (layer F.Fab) (width 0.1))
    (fp_line (start -6.6 -3.4) (end -6.6 4.1) (layer F.Fab) (width 0.1))
    (fp_line (start 4 -6) (end 6.6 -3.4) (layer F.Fab) (width 0.1))
    (fp_line (start -4 -6) (end -6.6 -3.4) (layer F.Fab) (width 0.1))
    (fp_line (start 4 -6.7) (end 4 -6) (layer F.Fab) (width 0.1))
    (fp_line (start -4 -6.7) (end -4 -6) (layer F.Fab) (width 0.1))
    (fp_line (start -4 -6.7) (end 4 -6.7) (layer F.Fab) (width 0.1))
    (pad 1 thru_hole circle (at -6.6 0) (size 3 3) (drill 1.9) (layers *.Cu *.Mask)
      (net 1 "Net-(BT1-Pad1)"))
    (pad 1 thru_hole circle (at 6.6 0) (size 3 3) (drill 1.9) (layers *.Cu *.Mask)
      (net 1 "Net-(BT1-Pad1)"))
    (pad 2 smd rect (at 0 0) (size 4 4) (layers F.Cu F.Mask)
      (net 2 GND))
    (model ${KISYS3DMOD}/Battery.3dshapes/BatteryHolder_Keystone_3001_1x12mm.wrl
      (at (xyz 0 0 0))
      (scale (xyz 1 1 1))
      (rotate (xyz 0 0 0))
    )
  )

  (module Capacitor_SMD:C_0805_2012Metric (layer F.Cu) (tedit 5B36C52B) (tstamp 5C611F6D)
    (at 216.35 133.5375 90)
    (descr "Capacitor SMD 0805 (2012 Metric), square (rectangular) end terminal, IPC_7351 nominal, (Body size source: https://docs.google.com/spreadsheets/d/1BsfQQcO9C6DZCsRaXUlFlo91Tg2WpOkGARC1WS5S8t0/edit?usp=sharing), generated with kicad-footprint-generator")
    (tags capacitor)
    (path /5C76E4B8)
    (attr smd)
    (fp_text reference C1 (at 0 -1.65 90) (layer F.SilkS)
      (effects (font (size 1 1) (thickness 0.15)))
    )
    (fp_text value 100n (at 0 1.65 90) (layer F.Fab)
      (effects (font (size 1 1) (thickness 0.15)))
    )
    (fp_text user %R (at 0 0 90) (layer F.Fab)
      (effects (font (size 0.5 0.5) (thickness 0.08)))
    )
    (fp_line (start 1.68 0.95) (end -1.68 0.95) (layer F.CrtYd) (width 0.05))
    (fp_line (start 1.68 -0.95) (end 1.68 0.95) (layer F.CrtYd) (width 0.05))
    (fp_line (start -1.68 -0.95) (end 1.68 -0.95) (layer F.CrtYd) (width 0.05))
    (fp_line (start -1.68 0.95) (end -1.68 -0.95) (layer F.CrtYd) (width 0.05))
    (fp_line (start -0.258578 0.71) (end 0.258578 0.71) (layer F.SilkS) (width 0.12))
    (fp_line (start -0.258578 -0.71) (end 0.258578 -0.71) (layer F.SilkS) (width 0.12))
    (fp_line (start 1 0.6) (end -1 0.6) (layer F.Fab) (width 0.1))
    (fp_line (start 1 -0.6) (end 1 0.6) (layer F.Fab) (width 0.1))
    (fp_line (start -1 -0.6) (end 1 -0.6) (layer F.Fab) (width 0.1))
    (fp_line (start -1 0.6) (end -1 -0.6) (layer F.Fab) (width 0.1))
    (pad 2 smd roundrect (at 0.9375 0 90) (size 0.975 1.4) (layers F.Cu F.Paste F.Mask) (roundrect_rratio 0.25)
      (net 2 GND))
    (pad 1 smd roundrect (at -0.9375 0 90) (size 0.975 1.4) (layers F.Cu F.Paste F.Mask) (roundrect_rratio 0.25)
      (net 3 +3V3))
    (model ${KISYS3DMOD}/Capacitor_SMD.3dshapes/C_0805_2012Metric.wrl
      (at (xyz 0 0 0))
      (scale (xyz 1 1 1))
      (rotate (xyz 0 0 0))
    )
  )

  (module Capacitor_THT:CP_Radial_D8.0mm_P3.50mm (layer B.Cu) (tedit 5AE50EF0) (tstamp 5C612016)
    (at 205 109.45)
    (descr "CP, Radial series, Radial, pin pitch=3.50mm, , diameter=8mm, Electrolytic Capacitor")
    (tags "CP Radial series Radial pin pitch 3.50mm  diameter 8mm Electrolytic Capacitor")
    (path /5C478CDB)
    (fp_text reference C2 (at 1.75 5.25) (layer B.SilkS)
      (effects (font (size 1 1) (thickness 0.15)) (justify mirror))
    )
    (fp_text value 3F/3V (at 1.75 -5.25) (layer B.Fab)
      (effects (font (size 1 1) (thickness 0.15)) (justify mirror))
    )
    (fp_circle (center 1.75 0) (end 5.75 0) (layer B.Fab) (width 0.1))
    (fp_circle (center 1.75 0) (end 5.87 0) (layer B.SilkS) (width 0.12))
    (fp_circle (center 1.75 0) (end 6 0) (layer B.CrtYd) (width 0.05))
    (fp_line (start -1.676759 1.7475) (end -0.876759 1.7475) (layer B.Fab) (width 0.1))
    (fp_line (start -1.276759 2.1475) (end -1.276759 1.3475) (layer B.Fab) (width 0.1))
    (fp_line (start 1.75 4.08) (end 1.75 -4.08) (layer B.SilkS) (width 0.12))
    (fp_line (start 1.79 4.08) (end 1.79 -4.08) (layer B.SilkS) (width 0.12))
    (fp_line (start 1.83 4.08) (end 1.83 -4.08) (layer B.SilkS) (width 0.12))
    (fp_line (start 1.87 4.079) (end 1.87 -4.079) (layer B.SilkS) (width 0.12))
    (fp_line (start 1.91 4.077) (end 1.91 -4.077) (layer B.SilkS) (width 0.12))
    (fp_line (start 1.95 4.076) (end 1.95 -4.076) (layer B.SilkS) (width 0.12))
    (fp_line (start 1.99 4.074) (end 1.99 -4.074) (layer B.SilkS) (width 0.12))
    (fp_line (start 2.03 4.071) (end 2.03 -4.071) (layer B.SilkS) (width 0.12))
    (fp_line (start 2.07 4.068) (end 2.07 -4.068) (layer B.SilkS) (width 0.12))
    (fp_line (start 2.11 4.065) (end 2.11 -4.065) (layer B.SilkS) (width 0.12))
    (fp_line (start 2.15 4.061) (end 2.15 -4.061) (layer B.SilkS) (width 0.12))
    (fp_line (start 2.19 4.057) (end 2.19 -4.057) (layer B.SilkS) (width 0.12))
    (fp_line (start 2.23 4.052) (end 2.23 -4.052) (layer B.SilkS) (width 0.12))
    (fp_line (start 2.27 4.048) (end 2.27 -4.048) (layer B.SilkS) (width 0.12))
    (fp_line (start 2.31 4.042) (end 2.31 -4.042) (layer B.SilkS) (width 0.12))
    (fp_line (start 2.35 4.037) (end 2.35 -4.037) (layer B.SilkS) (width 0.12))
    (fp_line (start 2.39 4.03) (end 2.39 -4.03) (layer B.SilkS) (width 0.12))
    (fp_line (start 2.43 4.024) (end 2.43 -4.024) (layer B.SilkS) (width 0.12))
    (fp_line (start 2.471 4.017) (end 2.471 1.04) (layer B.SilkS) (width 0.12))
    (fp_line (start 2.471 -1.04) (end 2.471 -4.017) (layer B.SilkS) (width 0.12))
    (fp_line (start 2.511 4.01) (end 2.511 1.04) (layer B.SilkS) (width 0.12))
    (fp_line (start 2.511 -1.04) (end 2.511 -4.01) (layer B.SilkS) (width 0.12))
    (fp_line (start 2.551 4.002) (end 2.551 1.04) (layer B.SilkS) (width 0.12))
    (fp_line (start 2.551 -1.04) (end 2.551 -4.002) (layer B.SilkS) (width 0.12))
    (fp_line (start 2.591 3.994) (end 2.591 1.04) (layer B.SilkS) (width 0.12))
    (fp_line (start 2.591 -1.04) (end 2.591 -3.994) (layer B.SilkS) (width 0.12))
    (fp_line (start 2.631 3.985) (end 2.631 1.04) (layer B.SilkS) (width 0.12))
    (fp_line (start 2.631 -1.04) (end 2.631 -3.985) (layer B.SilkS) (width 0.12))
    (fp_line (start 2.671 3.976) (end 2.671 1.04) (layer B.SilkS) (width 0.12))
    (fp_line (start 2.671 -1.04) (end 2.671 -3.976) (layer B.SilkS) (width 0.12))
    (fp_line (start 2.711 3.967) (end 2.711 1.04) (layer B.SilkS) (width 0.12))
    (fp_line (start 2.711 -1.04) (end 2.711 -3.967) (layer B.SilkS) (width 0.12))
    (fp_line (start 2.751 3.957) (end 2.751 1.04) (layer B.SilkS) (width 0.12))
    (fp_line (start 2.751 -1.04) (end 2.751 -3.957) (layer B.SilkS) (width 0.12))
    (fp_line (start 2.791 3.947) (end 2.791 1.04) (layer B.SilkS) (width 0.12))
    (fp_line (start 2.791 -1.04) (end 2.791 -3.947) (layer B.SilkS) (width 0.12))
    (fp_line (start 2.831 3.936) (end 2.831 1.04) (layer B.SilkS) (width 0.12))
    (fp_line (start 2.831 -1.04) (end 2.831 -3.936) (layer B.SilkS) (width 0.12))
    (fp_line (start 2.871 3.925) (end 2.871 1.04) (layer B.SilkS) (width 0.12))
    (fp_line (start 2.871 -1.04) (end 2.871 -3.925) (layer B.SilkS) (width 0.12))
    (fp_line (start 2.911 3.914) (end 2.911 1.04) (layer B.SilkS) (width 0.12))
    (fp_line (start 2.911 -1.04) (end 2.911 -3.914) (layer B.SilkS) (width 0.12))
    (fp_line (start 2.951 3.902) (end 2.951 1.04) (layer B.SilkS) (width 0.12))
    (fp_line (start 2.951 -1.04) (end 2.951 -3.902) (layer B.SilkS) (width 0.12))
    (fp_line (start 2.991 3.889) (end 2.991 1.04) (layer B.SilkS) (width 0.12))
    (fp_line (start 2.991 -1.04) (end 2.991 -3.889) (layer B.SilkS) (width 0.12))
    (fp_line (start 3.031 3.877) (end 3.031 1.04) (layer B.SilkS) (width 0.12))
    (fp_line (start 3.031 -1.04) (end 3.031 -3.877) (layer B.SilkS) (width 0.12))
    (fp_line (start 3.071 3.863) (end 3.071 1.04) (layer B.SilkS) (width 0.12))
    (fp_line (start 3.071 -1.04) (end 3.071 -3.863) (layer B.SilkS) (width 0.12))
    (fp_line (start 3.111 3.85) (end 3.111 1.04) (layer B.SilkS) (width 0.12))
    (fp_line (start 3.111 -1.04) (end 3.111 -3.85) (layer B.SilkS) (width 0.12))
    (fp_line (start 3.151 3.835) (end 3.151 1.04) (layer B.SilkS) (width 0.12))
    (fp_line (start 3.151 -1.04) (end 3.151 -3.835) (layer B.SilkS) (width 0.12))
    (fp_line (start 3.191 3.821) (end 3.191 1.04) (layer B.SilkS) (width 0.12))
    (fp_line (start 3.191 -1.04) (end 3.191 -3.821) (layer B.SilkS) (width 0.12))
    (fp_line (start 3.231 3.805) (end 3.231 1.04) (layer B.SilkS) (width 0.12))
    (fp_line (start 3.231 -1.04) (end 3.231 -3.805) (layer B.SilkS) (width 0.12))
    (fp_line (start 3.271 3.79) (end 3.271 1.04) (layer B.SilkS) (width 0.12))
    (fp_line (start 3.271 -1.04) (end 3.271 -3.79) (layer B.SilkS) (width 0.12))
    (fp_line (start 3.311 3.774) (end 3.311 1.04) (layer B.SilkS) (width 0.12))
    (fp_line (start 3.311 -1.04) (end 3.311 -3.774) (layer B.SilkS) (width 0.12))
    (fp_line (start 3.351 3.757) (end 3.351 1.04) (layer B.SilkS) (width 0.12))
    (fp_line (start 3.351 -1.04) (end 3.351 -3.757) (layer B.SilkS) (width 0.12))
    (fp_line (start 3.391 3.74) (end 3.391 1.04) (layer B.SilkS) (width 0.12))
    (fp_line (start 3.391 -1.04) (end 3.391 -3.74) (layer B.SilkS) (width 0.12))
    (fp_line (start 3.431 3.722) (end 3.431 1.04) (layer B.SilkS) (width 0.12))
    (fp_line (start 3.431 -1.04) (end 3.431 -3.722) (layer B.SilkS) (width 0.12))
    (fp_line (start 3.471 3.704) (end 3.471 1.04) (layer B.SilkS) (width 0.12))
    (fp_line (start 3.471 -1.04) (end 3.471 -3.704) (layer B.SilkS) (width 0.12))
    (fp_line (start 3.511 3.686) (end 3.511 1.04) (layer B.SilkS) (width 0.12))
    (fp_line (start 3.511 -1.04) (end 3.511 -3.686) (layer B.SilkS) (width 0.12))
    (fp_line (start 3.551 3.666) (end 3.551 1.04) (layer B.SilkS) (width 0.12))
    (fp_line (start 3.551 -1.04) (end 3.551 -3.666) (layer B.SilkS) (width 0.12))
    (fp_line (start 3.591 3.647) (end 3.591 1.04) (layer B.SilkS) (width 0.12))
    (fp_line (start 3.591 -1.04) (end 3.591 -3.647) (layer B.SilkS) (width 0.12))
    (fp_line (start 3.631 3.627) (end 3.631 1.04) (layer B.SilkS) (width 0.12))
    (fp_line (start 3.631 -1.04) (end 3.631 -3.627) (layer B.SilkS) (width 0.12))
    (fp_line (start 3.671 3.606) (end 3.671 1.04) (layer B.SilkS) (width 0.12))
    (fp_line (start 3.671 -1.04) (end 3.671 -3.606) (layer B.SilkS) (width 0.12))
    (fp_line (start 3.711 3.584) (end 3.711 1.04) (layer B.SilkS) (width 0.12))
    (fp_line (start 3.711 -1.04) (end 3.711 -3.584) (layer B.SilkS) (width 0.12))
    (fp_line (start 3.751 3.562) (end 3.751 1.04) (layer B.SilkS) (width 0.12))
    (fp_line (start 3.751 -1.04) (end 3.751 -3.562) (layer B.SilkS) (width 0.12))
    (fp_line (start 3.791 3.54) (end 3.791 1.04) (layer B.SilkS) (width 0.12))
    (fp_line (start 3.791 -1.04) (end 3.791 -3.54) (layer B.SilkS) (width 0.12))
    (fp_line (start 3.831 3.517) (end 3.831 1.04) (layer B.SilkS) (width 0.12))
    (fp_line (start 3.831 -1.04) (end 3.831 -3.517) (layer B.SilkS) (width 0.12))
    (fp_line (start 3.871 3.493) (end 3.871 1.04) (layer B.SilkS) (width 0.12))
    (fp_line (start 3.871 -1.04) (end 3.871 -3.493) (layer B.SilkS) (width 0.12))
    (fp_line (start 3.911 3.469) (end 3.911 1.04) (layer B.SilkS) (width 0.12))
    (fp_line (start 3.911 -1.04) (end 3.911 -3.469) (layer B.SilkS) (width 0.12))
    (fp_line (start 3.951 3.444) (end 3.951 1.04) (layer B.SilkS) (width 0.12))
    (fp_line (start 3.951 -1.04) (end 3.951 -3.444) (layer B.SilkS) (width 0.12))
    (fp_line (start 3.991 3.418) (end 3.991 1.04) (layer B.SilkS) (width 0.12))
    (fp_line (start 3.991 -1.04) (end 3.991 -3.418) (layer B.SilkS) (width 0.12))
    (fp_line (start 4.031 3.392) (end 4.031 1.04) (layer B.SilkS) (width 0.12))
    (fp_line (start 4.031 -1.04) (end 4.031 -3.392) (layer B.SilkS) (width 0.12))
    (fp_line (start 4.071 3.365) (end 4.071 1.04) (layer B.SilkS) (width 0.12))
    (fp_line (start 4.071 -1.04) (end 4.071 -3.365) (layer B.SilkS) (width 0.12))
    (fp_line (start 4.111 3.338) (end 4.111 1.04) (layer B.SilkS) (width 0.12))
    (fp_line (start 4.111 -1.04) (end 4.111 -3.338) (layer B.SilkS) (width 0.12))
    (fp_line (start 4.151 3.309) (end 4.151 1.04) (layer B.SilkS) (width 0.12))
    (fp_line (start 4.151 -1.04) (end 4.151 -3.309) (layer B.SilkS) (width 0.12))
    (fp_line (start 4.191 3.28) (end 4.191 1.04) (layer B.SilkS) (width 0.12))
    (fp_line (start 4.191 -1.04) (end 4.191 -3.28) (layer B.SilkS) (width 0.12))
    (fp_line (start 4.231 3.25) (end 4.231 1.04) (layer B.SilkS) (width 0.12))
    (fp_line (start 4.231 -1.04) (end 4.231 -3.25) (layer B.SilkS) (width 0.12))
    (fp_line (start 4.271 3.22) (end 4.271 1.04) (layer B.SilkS) (width 0.12))
    (fp_line (start 4.271 -1.04) (end 4.271 -3.22) (layer B.SilkS) (width 0.12))
    (fp_line (start 4.311 3.189) (end 4.311 1.04) (layer B.SilkS) (width 0.12))
    (fp_line (start 4.311 -1.04) (end 4.311 -3.189) (layer B.SilkS) (width 0.12))
    (fp_line (start 4.351 3.156) (end 4.351 1.04) (layer B.SilkS) (width 0.12))
    (fp_line (start 4.351 -1.04) (end 4.351 -3.156) (layer B.SilkS) (width 0.12))
    (fp_line (start 4.391 3.124) (end 4.391 1.04) (layer B.SilkS) (width 0.12))
    (fp_line (start 4.391 -1.04) (end 4.391 -3.124) (layer B.SilkS) (width 0.12))
    (fp_line (start 4.431 3.09) (end 4.431 1.04) (layer B.SilkS) (width 0.12))
    (fp_line (start 4.431 -1.04) (end 4.431 -3.09) (layer B.SilkS) (width 0.12))
    (fp_line (start 4.471 3.055) (end 4.471 1.04) (layer B.SilkS) (width 0.12))
    (fp_line (start 4.471 -1.04) (end 4.471 -3.055) (layer B.SilkS) (width 0.12))
    (fp_line (start 4.511 3.019) (end 4.511 1.04) (layer B.SilkS) (width 0.12))
    (fp_line (start 4.511 -1.04) (end 4.511 -3.019) (layer B.SilkS) (width 0.12))
    (fp_line (start 4.551 2.983) (end 4.551 -2.983) (layer B.SilkS) (width 0.12))
    (fp_line (start 4.591 2.945) (end 4.591 -2.945) (layer B.SilkS) (width 0.12))
    (fp_line (start 4.631 2.907) (end 4.631 -2.907) (layer B.SilkS) (width 0.12))
    (fp_line (start 4.671 2.867) (end 4.671 -2.867) (layer B.SilkS) (width 0.12))
    (fp_line (start 4.711 2.826) (end 4.711 -2.826) (layer B.SilkS) (width 0.12))
    (fp_line (start 4.751 2.784) (end 4.751 -2.784) (layer B.SilkS) (width 0.12))
    (fp_line (start 4.791 2.741) (end 4.791 -2.741) (layer B.SilkS) (width 0.12))
    (fp_line (start 4.831 2.697) (end 4.831 -2.697) (layer B.SilkS) (width 0.12))
    (fp_line (start 4.871 2.651) (end 4.871 -2.651) (layer B.SilkS) (width 0.12))
    (fp_line (start 4.911 2.604) (end 4.911 -2.604) (layer B.SilkS) (width 0.12))
    (fp_line (start 4.951 2.556) (end 4.951 -2.556) (layer B.SilkS) (width 0.12))
    (fp_line (start 4.991 2.505) (end 4.991 -2.505) (layer B.SilkS) (width 0.12))
    (fp_line (start 5.031 2.454) (end 5.031 -2.454) (layer B.SilkS) (width 0.12))
    (fp_line (start 5.071 2.4) (end 5.071 -2.4) (layer B.SilkS) (width 0.12))
    (fp_line (start 5.111 2.345) (end 5.111 -2.345) (layer B.SilkS) (width 0.12))
    (fp_line (start 5.151 2.287) (end 5.151 -2.287) (layer B.SilkS) (width 0.12))
    (fp_line (start 5.191 2.228) (end 5.191 -2.228) (layer B.SilkS) (width 0.12))
    (fp_line (start 5.231 2.166) (end 5.231 -2.166) (layer B.SilkS) (width 0.12))
    (fp_line (start 5.271 2.102) (end 5.271 -2.102) (layer B.SilkS) (width 0.12))
    (fp_line (start 5.311 2.034) (end 5.311 -2.034) (layer B.SilkS) (width 0.12))
    (fp_line (start 5.351 1.964) (end 5.351 -1.964) (layer B.SilkS) (width 0.12))
    (fp_line (start 5.391 1.89) (end 5.391 -1.89) (layer B.SilkS) (width 0.12))
    (fp_line (start 5.431 1.813) (end 5.431 -1.813) (layer B.SilkS) (width 0.12))
    (fp_line (start 5.471 1.731) (end 5.471 -1.731) (layer B.SilkS) (width 0.12))
    (fp_line (start 5.511 1.645) (end 5.511 -1.645) (layer B.SilkS) (width 0.12))
    (fp_line (start 5.551 1.552) (end 5.551 -1.552) (layer B.SilkS) (width 0.12))
    (fp_line (start 5.591 1.453) (end 5.591 -1.453) (layer B.SilkS) (width 0.12))
    (fp_line (start 5.631 1.346) (end 5.631 -1.346) (layer B.SilkS) (width 0.12))
    (fp_line (start 5.671 1.229) (end 5.671 -1.229) (layer B.SilkS) (width 0.12))
    (fp_line (start 5.711 1.098) (end 5.711 -1.098) (layer B.SilkS) (width 0.12))
    (fp_line (start 5.751 0.948) (end 5.751 -0.948) (layer B.SilkS) (width 0.12))
    (fp_line (start 5.791 0.768) (end 5.791 -0.768) (layer B.SilkS) (width 0.12))
    (fp_line (start 5.831 0.533) (end 5.831 -0.533) (layer B.SilkS) (width 0.12))
    (fp_line (start -2.659698 2.315) (end -1.859698 2.315) (layer B.SilkS) (width 0.12))
    (fp_line (start -2.259698 2.715) (end -2.259698 1.915) (layer B.SilkS) (width 0.12))
    (fp_text user %R (at 1.75 0) (layer B.Fab)
      (effects (font (size 1 1) (thickness 0.15)) (justify mirror))
    )
    (pad 1 thru_hole rect (at 0 0) (size 1.6 1.6) (drill 0.8) (layers *.Cu *.Mask)
      (net 4 VCC))
    (pad 2 thru_hole circle (at 3.5 0) (size 1.6 1.6) (drill 0.8) (layers *.Cu *.Mask)
      (net 2 GND))
    (model ${KISYS3DMOD}/Capacitor_THT.3dshapes/CP_Radial_D8.0mm_P3.50mm.wrl
      (at (xyz 0 0 0))
      (scale (xyz 1 1 1))
      (rotate (xyz 0 0 0))
    )
  )

  (module Capacitor_SMD:C_0805_2012Metric (layer F.Cu) (tedit 5B36C52B) (tstamp 5C612027)
    (at 208.75 107.35)
    (descr "Capacitor SMD 0805 (2012 Metric), square (rectangular) end terminal, IPC_7351 nominal, (Body size source: https://docs.google.com/spreadsheets/d/1BsfQQcO9C6DZCsRaXUlFlo91Tg2WpOkGARC1WS5S8t0/edit?usp=sharing), generated with kicad-footprint-generator")
    (tags capacitor)
    (path /5C53963F)
    (attr smd)
    (fp_text reference C3 (at 0 -1.65) (layer F.SilkS)
      (effects (font (size 1 1) (thickness 0.15)))
    )
    (fp_text value 100n (at 0 1.65) (layer F.Fab)
      (effects (font (size 1 1) (thickness 0.15)))
    )
    (fp_text user %R (at 0 0) (layer F.Fab)
      (effects (font (size 0.5 0.5) (thickness 0.08)))
    )
    (fp_line (start 1.68 0.95) (end -1.68 0.95) (layer F.CrtYd) (width 0.05))
    (fp_line (start 1.68 -0.95) (end 1.68 0.95) (layer F.CrtYd) (width 0.05))
    (fp_line (start -1.68 -0.95) (end 1.68 -0.95) (layer F.CrtYd) (width 0.05))
    (fp_line (start -1.68 0.95) (end -1.68 -0.95) (layer F.CrtYd) (width 0.05))
    (fp_line (start -0.258578 0.71) (end 0.258578 0.71) (layer F.SilkS) (width 0.12))
    (fp_line (start -0.258578 -0.71) (end 0.258578 -0.71) (layer F.SilkS) (width 0.12))
    (fp_line (start 1 0.6) (end -1 0.6) (layer F.Fab) (width 0.1))
    (fp_line (start 1 -0.6) (end 1 0.6) (layer F.Fab) (width 0.1))
    (fp_line (start -1 -0.6) (end 1 -0.6) (layer F.Fab) (width 0.1))
    (fp_line (start -1 0.6) (end -1 -0.6) (layer F.Fab) (width 0.1))
    (pad 2 smd roundrect (at 0.9375 0) (size 0.975 1.4) (layers F.Cu F.Paste F.Mask) (roundrect_rratio 0.25)
      (net 2 GND))
    (pad 1 smd roundrect (at -0.9375 0) (size 0.975 1.4) (layers F.Cu F.Paste F.Mask) (roundrect_rratio 0.25)
      (net 4 VCC))
    (model ${KISYS3DMOD}/Capacitor_SMD.3dshapes/C_0805_2012Metric.wrl
      (at (xyz 0 0 0))
      (scale (xyz 1 1 1))
      (rotate (xyz 0 0 0))
    )
  )

  (module Capacitor_SMD:C_0805_2012Metric (layer F.Cu) (tedit 5B36C52B) (tstamp 5C612038)
    (at 206.6 112.3375 90)
    (descr "Capacitor SMD 0805 (2012 Metric), square (rectangular) end terminal, IPC_7351 nominal, (Body size source: https://docs.google.com/spreadsheets/d/1BsfQQcO9C6DZCsRaXUlFlo91Tg2WpOkGARC1WS5S8t0/edit?usp=sharing), generated with kicad-footprint-generator")
    (tags capacitor)
    (path /5C53E2F2)
    (attr smd)
    (fp_text reference C4 (at 0 -1.65 90) (layer F.SilkS)
      (effects (font (size 1 1) (thickness 0.15)))
    )
    (fp_text value 10n (at 0 1.65 90) (layer F.Fab)
      (effects (font (size 1 1) (thickness 0.15)))
    )
    (fp_line (start -1 0.6) (end -1 -0.6) (layer F.Fab) (width 0.1))
    (fp_line (start -1 -0.6) (end 1 -0.6) (layer F.Fab) (width 0.1))
    (fp_line (start 1 -0.6) (end 1 0.6) (layer F.Fab) (width 0.1))
    (fp_line (start 1 0.6) (end -1 0.6) (layer F.Fab) (width 0.1))
    (fp_line (start -0.258578 -0.71) (end 0.258578 -0.71) (layer F.SilkS) (width 0.12))
    (fp_line (start -0.258578 0.71) (end 0.258578 0.71) (layer F.SilkS) (width 0.12))
    (fp_line (start -1.68 0.95) (end -1.68 -0.95) (layer F.CrtYd) (width 0.05))
    (fp_line (start -1.68 -0.95) (end 1.68 -0.95) (layer F.CrtYd) (width 0.05))
    (fp_line (start 1.68 -0.95) (end 1.68 0.95) (layer F.CrtYd) (width 0.05))
    (fp_line (start 1.68 0.95) (end -1.68 0.95) (layer F.CrtYd) (width 0.05))
    (fp_text user %R (at 0 0 90) (layer F.Fab)
      (effects (font (size 0.5 0.5) (thickness 0.08)))
    )
    (pad 1 smd roundrect (at -0.9375 0 90) (size 0.975 1.4) (layers F.Cu F.Paste F.Mask) (roundrect_rratio 0.25)
      (net 3 +3V3))
    (pad 2 smd roundrect (at 0.9375 0 90) (size 0.975 1.4) (layers F.Cu F.Paste F.Mask) (roundrect_rratio 0.25)
      (net 2 GND))
    (model ${KISYS3DMOD}/Capacitor_SMD.3dshapes/C_0805_2012Metric.wrl
      (at (xyz 0 0 0))
      (scale (xyz 1 1 1))
      (rotate (xyz 0 0 0))
    )
  )

  (module Capacitor_SMD:C_0805_2012Metric (layer F.Cu) (tedit 5B36C52B) (tstamp 5C612049)
    (at 205.6 123.5625 270)
    (descr "Capacitor SMD 0805 (2012 Metric), square (rectangular) end terminal, IPC_7351 nominal, (Body size source: https://docs.google.com/spreadsheets/d/1BsfQQcO9C6DZCsRaXUlFlo91Tg2WpOkGARC1WS5S8t0/edit?usp=sharing), generated with kicad-footprint-generator")
    (tags capacitor)
    (path /5C6EC459)
    (attr smd)
    (fp_text reference C5 (at 0 -1.65 270) (layer F.SilkS)
      (effects (font (size 1 1) (thickness 0.15)))
    )
    (fp_text value 100n (at 0 1.65 270) (layer F.Fab)
      (effects (font (size 1 1) (thickness 0.15)))
    )
    (fp_text user %R (at 0 0 270) (layer F.Fab)
      (effects (font (size 0.5 0.5) (thickness 0.08)))
    )
    (fp_line (start 1.68 0.95) (end -1.68 0.95) (layer F.CrtYd) (width 0.05))
    (fp_line (start 1.68 -0.95) (end 1.68 0.95) (layer F.CrtYd) (width 0.05))
    (fp_line (start -1.68 -0.95) (end 1.68 -0.95) (layer F.CrtYd) (width 0.05))
    (fp_line (start -1.68 0.95) (end -1.68 -0.95) (layer F.CrtYd) (width 0.05))
    (fp_line (start -0.258578 0.71) (end 0.258578 0.71) (layer F.SilkS) (width 0.12))
    (fp_line (start -0.258578 -0.71) (end 0.258578 -0.71) (layer F.SilkS) (width 0.12))
    (fp_line (start 1 0.6) (end -1 0.6) (layer F.Fab) (width 0.1))
    (fp_line (start 1 -0.6) (end 1 0.6) (layer F.Fab) (width 0.1))
    (fp_line (start -1 -0.6) (end 1 -0.6) (layer F.Fab) (width 0.1))
    (fp_line (start -1 0.6) (end -1 -0.6) (layer F.Fab) (width 0.1))
    (pad 2 smd roundrect (at 0.9375 0 270) (size 0.975 1.4) (layers F.Cu F.Paste F.Mask) (roundrect_rratio 0.25)
      (net 2 GND))
    (pad 1 smd roundrect (at -0.9375 0 270) (size 0.975 1.4) (layers F.Cu F.Paste F.Mask) (roundrect_rratio 0.25)
      (net 5 /RESET))
    (model ${KISYS3DMOD}/Capacitor_SMD.3dshapes/C_0805_2012Metric.wrl
      (at (xyz 0 0 0))
      (scale (xyz 1 1 1))
      (rotate (xyz 0 0 0))
    )
  )

  (module Capacitor_SMD:C_0805_2012Metric (layer F.Cu) (tedit 5B36C52B) (tstamp 5C61205A)
    (at 217.5375 128.6)
    (descr "Capacitor SMD 0805 (2012 Metric), square (rectangular) end terminal, IPC_7351 nominal, (Body size source: https://docs.google.com/spreadsheets/d/1BsfQQcO9C6DZCsRaXUlFlo91Tg2WpOkGARC1WS5S8t0/edit?usp=sharing), generated with kicad-footprint-generator")
    (tags capacitor)
    (path /5C56FD9D)
    (attr smd)
    (fp_text reference C6 (at 0 -1.65) (layer F.SilkS)
      (effects (font (size 1 1) (thickness 0.15)))
    )
    (fp_text value 1u (at 0 1.65) (layer F.Fab)
      (effects (font (size 1 1) (thickness 0.15)))
    )
    (fp_line (start -1 0.6) (end -1 -0.6) (layer F.Fab) (width 0.1))
    (fp_line (start -1 -0.6) (end 1 -0.6) (layer F.Fab) (width 0.1))
    (fp_line (start 1 -0.6) (end 1 0.6) (layer F.Fab) (width 0.1))
    (fp_line (start 1 0.6) (end -1 0.6) (layer F.Fab) (width 0.1))
    (fp_line (start -0.258578 -0.71) (end 0.258578 -0.71) (layer F.SilkS) (width 0.12))
    (fp_line (start -0.258578 0.71) (end 0.258578 0.71) (layer F.SilkS) (width 0.12))
    (fp_line (start -1.68 0.95) (end -1.68 -0.95) (layer F.CrtYd) (width 0.05))
    (fp_line (start -1.68 -0.95) (end 1.68 -0.95) (layer F.CrtYd) (width 0.05))
    (fp_line (start 1.68 -0.95) (end 1.68 0.95) (layer F.CrtYd) (width 0.05))
    (fp_line (start 1.68 0.95) (end -1.68 0.95) (layer F.CrtYd) (width 0.05))
    (fp_text user %R (at 0 0) (layer F.Fab)
      (effects (font (size 0.5 0.5) (thickness 0.08)))
    )
    (pad 1 smd roundrect (at -0.9375 0) (size 0.975 1.4) (layers F.Cu F.Paste F.Mask) (roundrect_rratio 0.25)
      (net 3 +3V3))
    (pad 2 smd roundrect (at 0.9375 0) (size 0.975 1.4) (layers F.Cu F.Paste F.Mask) (roundrect_rratio 0.25)
      (net 2 GND))
    (model ${KISYS3DMOD}/Capacitor_SMD.3dshapes/C_0805_2012Metric.wrl
      (at (xyz 0 0 0))
      (scale (xyz 1 1 1))
      (rotate (xyz 0 0 0))
    )
  )

  (module Capacitor_SMD:C_0805_2012Metric (layer F.Cu) (tedit 5B36C52B) (tstamp 5C61206B)
    (at 204.55 112.3375 90)
    (descr "Capacitor SMD 0805 (2012 Metric), square (rectangular) end terminal, IPC_7351 nominal, (Body size source: https://docs.google.com/spreadsheets/d/1BsfQQcO9C6DZCsRaXUlFlo91Tg2WpOkGARC1WS5S8t0/edit?usp=sharing), generated with kicad-footprint-generator")
    (tags capacitor)
    (path /5C541634)
    (attr smd)
    (fp_text reference C7 (at 0 -1.65 90) (layer F.SilkS)
      (effects (font (size 1 1) (thickness 0.15)))
    )
    (fp_text value 10u (at 0 1.65 90) (layer F.Fab)
      (effects (font (size 1 1) (thickness 0.15)))
    )
    (fp_line (start -1 0.6) (end -1 -0.6) (layer F.Fab) (width 0.1))
    (fp_line (start -1 -0.6) (end 1 -0.6) (layer F.Fab) (width 0.1))
    (fp_line (start 1 -0.6) (end 1 0.6) (layer F.Fab) (width 0.1))
    (fp_line (start 1 0.6) (end -1 0.6) (layer F.Fab) (width 0.1))
    (fp_line (start -0.258578 -0.71) (end 0.258578 -0.71) (layer F.SilkS) (width 0.12))
    (fp_line (start -0.258578 0.71) (end 0.258578 0.71) (layer F.SilkS) (width 0.12))
    (fp_line (start -1.68 0.95) (end -1.68 -0.95) (layer F.CrtYd) (width 0.05))
    (fp_line (start -1.68 -0.95) (end 1.68 -0.95) (layer F.CrtYd) (width 0.05))
    (fp_line (start 1.68 -0.95) (end 1.68 0.95) (layer F.CrtYd) (width 0.05))
    (fp_line (start 1.68 0.95) (end -1.68 0.95) (layer F.CrtYd) (width 0.05))
    (fp_text user %R (at 0 0 90) (layer F.Fab)
      (effects (font (size 0.5 0.5) (thickness 0.08)))
    )
    (pad 1 smd roundrect (at -0.9375 0 90) (size 0.975 1.4) (layers F.Cu F.Paste F.Mask) (roundrect_rratio 0.25)
      (net 3 +3V3))
    (pad 2 smd roundrect (at 0.9375 0 90) (size 0.975 1.4) (layers F.Cu F.Paste F.Mask) (roundrect_rratio 0.25)
      (net 2 GND))
    (model ${KISYS3DMOD}/Capacitor_SMD.3dshapes/C_0805_2012Metric.wrl
      (at (xyz 0 0 0))
      (scale (xyz 1 1 1))
      (rotate (xyz 0 0 0))
    )
  )

  (module Capacitor_SMD:C_0805_2012Metric (layer F.Cu) (tedit 5B36C52B) (tstamp 5C61207C)
    (at 208.9875 117.35)
    (descr "Capacitor SMD 0805 (2012 Metric), square (rectangular) end terminal, IPC_7351 nominal, (Body size source: https://docs.google.com/spreadsheets/d/1BsfQQcO9C6DZCsRaXUlFlo91Tg2WpOkGARC1WS5S8t0/edit?usp=sharing), generated with kicad-footprint-generator")
    (tags capacitor)
    (path /5C56FA14)
    (attr smd)
    (fp_text reference C8 (at 0 -1.65) (layer F.SilkS)
      (effects (font (size 1 1) (thickness 0.15)))
    )
    (fp_text value 100n (at 0 1.65) (layer F.Fab)
      (effects (font (size 1 1) (thickness 0.15)))
    )
    (fp_text user %R (at 0 0) (layer F.Fab)
      (effects (font (size 0.5 0.5) (thickness 0.08)))
    )
    (fp_line (start 1.68 0.95) (end -1.68 0.95) (layer F.CrtYd) (width 0.05))
    (fp_line (start 1.68 -0.95) (end 1.68 0.95) (layer F.CrtYd) (width 0.05))
    (fp_line (start -1.68 -0.95) (end 1.68 -0.95) (layer F.CrtYd) (width 0.05))
    (fp_line (start -1.68 0.95) (end -1.68 -0.95) (layer F.CrtYd) (width 0.05))
    (fp_line (start -0.258578 0.71) (end 0.258578 0.71) (layer F.SilkS) (width 0.12))
    (fp_line (start -0.258578 -0.71) (end 0.258578 -0.71) (layer F.SilkS) (width 0.12))
    (fp_line (start 1 0.6) (end -1 0.6) (layer F.Fab) (width 0.1))
    (fp_line (start 1 -0.6) (end 1 0.6) (layer F.Fab) (width 0.1))
    (fp_line (start -1 -0.6) (end 1 -0.6) (layer F.Fab) (width 0.1))
    (fp_line (start -1 0.6) (end -1 -0.6) (layer F.Fab) (width 0.1))
    (pad 2 smd roundrect (at 0.9375 0) (size 0.975 1.4) (layers F.Cu F.Paste F.Mask) (roundrect_rratio 0.25)
      (net 2 GND))
    (pad 1 smd roundrect (at -0.9375 0) (size 0.975 1.4) (layers F.Cu F.Paste F.Mask) (roundrect_rratio 0.25)
      (net 3 +3V3))
    (model ${KISYS3DMOD}/Capacitor_SMD.3dshapes/C_0805_2012Metric.wrl
      (at (xyz 0 0 0))
      (scale (xyz 1 1 1))
      (rotate (xyz 0 0 0))
    )
  )

  (module Capacitor_SMD:C_0805_2012Metric (layer F.Cu) (tedit 5B36C52B) (tstamp 5C61208D)
    (at 219.85 121.7875 270)
    (descr "Capacitor SMD 0805 (2012 Metric), square (rectangular) end terminal, IPC_7351 nominal, (Body size source: https://docs.google.com/spreadsheets/d/1BsfQQcO9C6DZCsRaXUlFlo91Tg2WpOkGARC1WS5S8t0/edit?usp=sharing), generated with kicad-footprint-generator")
    (tags capacitor)
    (path /5C56FB22)
    (attr smd)
    (fp_text reference C9 (at 0 -1.65 270) (layer F.SilkS)
      (effects (font (size 1 1) (thickness 0.15)))
    )
    (fp_text value 100n (at 0 1.65 270) (layer F.Fab)
      (effects (font (size 1 1) (thickness 0.15)))
    )
    (fp_line (start -1 0.6) (end -1 -0.6) (layer F.Fab) (width 0.1))
    (fp_line (start -1 -0.6) (end 1 -0.6) (layer F.Fab) (width 0.1))
    (fp_line (start 1 -0.6) (end 1 0.6) (layer F.Fab) (width 0.1))
    (fp_line (start 1 0.6) (end -1 0.6) (layer F.Fab) (width 0.1))
    (fp_line (start -0.258578 -0.71) (end 0.258578 -0.71) (layer F.SilkS) (width 0.12))
    (fp_line (start -0.258578 0.71) (end 0.258578 0.71) (layer F.SilkS) (width 0.12))
    (fp_line (start -1.68 0.95) (end -1.68 -0.95) (layer F.CrtYd) (width 0.05))
    (fp_line (start -1.68 -0.95) (end 1.68 -0.95) (layer F.CrtYd) (width 0.05))
    (fp_line (start 1.68 -0.95) (end 1.68 0.95) (layer F.CrtYd) (width 0.05))
    (fp_line (start 1.68 0.95) (end -1.68 0.95) (layer F.CrtYd) (width 0.05))
    (fp_text user %R (at 0 0 270) (layer F.Fab)
      (effects (font (size 0.5 0.5) (thickness 0.08)))
    )
    (pad 1 smd roundrect (at -0.9375 0 270) (size 0.975 1.4) (layers F.Cu F.Paste F.Mask) (roundrect_rratio 0.25)
      (net 3 +3V3))
    (pad 2 smd roundrect (at 0.9375 0 270) (size 0.975 1.4) (layers F.Cu F.Paste F.Mask) (roundrect_rratio 0.25)
      (net 2 GND))
    (model ${KISYS3DMOD}/Capacitor_SMD.3dshapes/C_0805_2012Metric.wrl
      (at (xyz 0 0 0))
      (scale (xyz 1 1 1))
      (rotate (xyz 0 0 0))
    )
  )

  (module Capacitor_SMD:C_0805_2012Metric (layer F.Cu) (tedit 5B36C52B) (tstamp 5C61209E)
    (at 208.9625 115.4)
    (descr "Capacitor SMD 0805 (2012 Metric), square (rectangular) end terminal, IPC_7351 nominal, (Body size source: https://docs.google.com/spreadsheets/d/1BsfQQcO9C6DZCsRaXUlFlo91Tg2WpOkGARC1WS5S8t0/edit?usp=sharing), generated with kicad-footprint-generator")
    (tags capacitor)
    (path /5C56FBCC)
    (attr smd)
    (fp_text reference C10 (at 0 -1.65) (layer F.SilkS)
      (effects (font (size 1 1) (thickness 0.15)))
    )
    (fp_text value 100n (at 0 1.65) (layer F.Fab)
      (effects (font (size 1 1) (thickness 0.15)))
    )
    (fp_text user %R (at 0 0) (layer F.Fab)
      (effects (font (size 0.5 0.5) (thickness 0.08)))
    )
    (fp_line (start 1.68 0.95) (end -1.68 0.95) (layer F.CrtYd) (width 0.05))
    (fp_line (start 1.68 -0.95) (end 1.68 0.95) (layer F.CrtYd) (width 0.05))
    (fp_line (start -1.68 -0.95) (end 1.68 -0.95) (layer F.CrtYd) (width 0.05))
    (fp_line (start -1.68 0.95) (end -1.68 -0.95) (layer F.CrtYd) (width 0.05))
    (fp_line (start -0.258578 0.71) (end 0.258578 0.71) (layer F.SilkS) (width 0.12))
    (fp_line (start -0.258578 -0.71) (end 0.258578 -0.71) (layer F.SilkS) (width 0.12))
